1
1
2
4
2
1
4
4
4
1
10
7
6
4
1
6
3
5
15
16
4
20
13
7
5
8
2
3
12
6
5
11
16
33
23
29
15
15
33
36
2
11
17
5
9
9
14
3
15
42
15
3
22
43
42
56
1
24
41
47
17
28
10
42
22
10
10
55
51
38
26
50
49
23
49
13
32
56
24
39
32
36
83
4
14
7
52
81
13
7
58
27
31
11
54
37
67
28
35
68
25
70
63
89
73
47
66
48
49
24
69
9
17
92
74
2
7
93
67
46
73
31
93
63
23
81
70
74
115
82
55
9
28
63
83
30
74
111
25
35
133
111
104
59
104
116
52
7
6
99
36
34
90
8
143
143
18
77
129
84
15
81
156
118
140
140
80
85
31
114
98
169
46
24
168
127
158
139
24
130
174
122
140
5
99
132
158
46
12
6
117
118
105
160
165
195
29
58
153
198
87
88
162
26
130
147
74
27
62
65
55
64
50
34
178
111
71
162
130
69
58
134
112
97
147
126
14
112
139
53
28
168
179
83
12
198
50
46
2
53
35
1
210
216
94
51
194
242
218
196
151
251
199
197
112
187
78
173
120
84
261
120
166
53
205
183
166
171
105
39
170
270
130
212
265
62
122
240
157
149
257
58
186
108
65
109
247
173
56
234
99
189
66
181
288
16
45
13
245
115
209
173
231
44
6
90
31
264
22
248
58
35
105
13
197
316
307
68
273
21
253
163
198
183
239
216
308
227
214
158
153
160
22
148
322
138
160
243
244
70
24
228
123
315
320
21
316
150
71
179
81
187
210
136
298
235
124
173
205
288
233
87
350
297
145
27
61
330
274
121
354
368
193
351
121
284
239
125
214
171
59
172
280
225
89
98
126
301
84
146
213
329
167
340
185
338
340
288
20
317
395
215
136
352
395
11
273
237
164
279
220
331
67
290
346
358
345
392
77
190
374
107
392
147
64
332
254
329
231
179
426
314
295
86
289
428
407
77
62
292
392
186
276
242
348
355
309
18
95
270
79
376
189
396
22
405
313
403
207
101
141
371
350
368
84
135
53
146
147
435
133
278
286
357
52
79
444
174
94
390
217
313
249
213
258
85
476
468
406
181
464
86
84
77
271
366
450
119
288
137
